1   ÷”¿Î   21.00   31.00   51.00   41.00   61.00   205.00
1   ∫˙Ã“   21.00   61.00   81.00   61.00   51.00   275.00
1   ∆ﬂ∆ﬂ   35.00   21.00   25.00   45.00   0.00   126.00
1   ∏ ”Í   35.00   4.00   4.00   2.00   0.00   45.00
2   ÷”¿Î   30.00   25.00   22.00   22.00   22.00   121.00
2   ∫˙Ã“   65.00   32.00   33.00   0.00   22.00   152.00
2   ∆ﬂ∆ﬂ   5.00   44.00   25.00   23.00   62.00   159.00
2   ∏ ”Í   32.00   62.00   52.00   82.00   72.00   300.00
3   ÷”¿Î   56.00   53.00   53.00   23.00   13.00   198.00
3   ∫˙Ã“   13.00   53.00   3.00   63.00   0.00   132.00
3   ∆ﬂ∆ﬂ   37.00   73.00   43.00   53.00   83.00   289.00
3   ∏ ”Í   32.00   12.00   52.00   62.00   42.00   200.00
4   ÷”¿Î   34.00   24.00   54.00   64.00   0.00   176.00
4   ∫˙Ã“   56.00   46.00   38.00   20.00   12.00   172.00
4   ∆ﬂ∆ﬂ   56.00   23.00   48.00   25.00   0.00   152.00
4   ∏ ”Í   32.00   52.00   61.00   20.00   22.00   187.00
5   ÷”¿Î   62.00   30.00   10.00   22.00   32.00   156.00
5   ∫˙Ã“   23.00   20.00   56.00   20.00   12.00   131.00
5   ∆ﬂ∆ﬂ   23.00   52.00   54.00   11.00   11.00   151.00
5   ∏ ”Í   32.00   20.00   56.00   22.00   0.00   130.00
6   ÷”¿Î   6.00   6.00   36.00   56.00   0.00   104.00
6   ∫˙Ã“   23.00   5.00   12.00   14.00   20.00   74.00
6   ∆ﬂ∆ﬂ   17.00   27.00   37.00   47.00   57.00   185.00
6   ∏ ”Í   16.00   36.00   6.00   26.00   6.00   90.00
7   ÷”¿Î   25.00   32.00   62.00   20.00   4.00   143.00
7   ∫˙Ã“   17.00   27.00   37.00   47.00   57.00   185.00
7   ∆ﬂ∆ﬂ   7.00   2.00   12.00   30.00   63.00   114.00
7   ∏ ”Í   23.00   63.00   2.00   5.30   3.60   96.90
8   ÷”¿Î   2.30   6.30   5.10   22.30   22.30   58.30
8   ∫˙Ã“   13.70   2.30   20.00   36.00   5.00   77.00
8   ∆ﬂ∆ﬂ   12.70   0.77   7.20   0.30   0.30   21.27
8   ∏ ”Í   20.30   23.20   22.00   5.00   0.00   70.50
9   ÷”¿Î   23.00   5.00   2.30   12.00   6.80   49.10
9   ∫˙Ã“   0.00   0.00   0.00   0.00   648.00   648.00
9   ∆ﬂ∆ﬂ   56.30   30.00   22.00   12.00   0.00   120.30
9   ∏ ”Í   2.00   36.00   56.00   20.00   30.20   144.20
10   ÷”¿Î   56.00   21.00   50.00   53.00   20.50   200.50
10   ∫˙Ã“   56.00   13.00   20.30   20.30   30.60   140.20
10   ∆ﬂ∆ﬂ   20.70   35.70   63.70   2.70   7.00   129.80
10   ∏ ”Í   36.00   45.00   20.00   69.00   51.00   221.00
11   ÷”¿Î   23.00   5.00   45.20   12.60   6.18   91.98
11   ∫˙Ã“   23.00   5.00   59.90   72.00   0.00   159.90
11   ∆ﬂ∆ﬂ   18.00   45.00   7.00   32.00   0.00   102.00
11   ∏ ”Í   56.00   22.00   23.50   6.30   66.40   174.20
12   ÷”¿Î   23.00   56.00   23.00   24.50   6.50   133.00
12   ∫˙Ã“   25.60   42.50   17.00   22.00   0.00   107.10
12   ∆ﬂ∆ﬂ   23.50   12.60   32.50   66.00   21.00   155.60
12   ∏ ”Í   23.60   52.30   45.20   96.30   20.10   237.50
13   ÷”¿Î   15.00   4.80   6.18   61.80   21.30   109.08
13   ∫˙Ã“   12.30   52.30   43.60   4.32   52.20   164.72
13   ∆ﬂ∆ﬂ   7.70   7.20   7.30   5.70   3.70   31.60
13   ∏ ”Í   15.00   53.00   20.30   6.00   23.00   117.30
14   ÷”¿Î   23.50   22.00   16.80   17.30   1.35   80.95
14   ∫˙Ã“   26.00   53.00   20.60   5.03   40.30   144.93
14   ∆ﬂ∆ﬂ17   57.00   5.70   3.70   2.70   10.70   79.80
14   ∏ ”Í   12.00   12.30   23.60   24.60   2.30   74.80
15   ÷”¿Î   26.00   56.00   2.00   33.00   0.00   117.00
15   ∫˙Ã“   23.00   0.00   0.00   0.00   23.00   46.00
15   ∆ﬂ∆ﬂ   32.00   56.00   45.00   12.00   12.00   157.00
15   ∏ ”Í   23.00   36.00   15.00   69.00   12.00   155.00
16   ÷”¿Î   23.00   20.00   24.00   30.50   20.30   117.80
16   ∫˙Ã“   12.00   52.00   0.00   30.00   12.00   106.00
16   ∆ﬂ∆ﬂ   23.00   12.00   20.00   13.00   23.00   91.00
16   ∏ ”Í   12.00   42.50   4.60   30.00   6.18   95.28
17   ÷”¿Î   23.50   20.36   17.00   53.00   20.00   133.86
5   zhongli   5.00   23.00   5.00   2.00   56.00   91.00
5   njn   5.00   6.00   8.00   9.00   9.00   37.00
5   8   9.00   6.00   7.00   78.00   4.00   104.00
